1293358
914756
859608
403953
403953
807025
807025
444335
896080
384772
696175
413117
1282660
443751
921889
437797
94631
346499
1092466
1425749
888544
1190710
441155
1053509
338293
897698
251059
1187933
1002271
966339
525926
1107950
850717
43466
759331
765169
1117851
855087
450015
351280
420390
1280404
975062
1456709
1384619
1115477
1058293
925973
979801
807025
919187
901880
1440165
770306
402741
1224414
1155295
707380
984646
901880
671293
773330
476691
534054
745312
1193588
894883
718735
391817
370819
1146827
840787
971051
167836
983942
780952
564165
805224
1054931
182042
998531
501992
1090503
774204
1244533
384772
1228487
493273
770306
770306
1178935
510183
1367704
962088
952409
842981
779047
1001653
519521
592526
441155
1312335
909776
467337
952409
614346
1880007
363052
744772
1068768
859608
1233573
1144490
979801
538998
1050419
1058293
153776
1044333
1030278
514181
485056
941246
210346
636725
431983
407175
359404
356426
1203416
968171
808175
625986
478303
859783
696175
595163
490956
50177
1603293
993864
921889
190222
1216255
570679
1279298
1068768
944137
863227
823259
402887
88911
525926
394742
1298952
1190719
1174505
1064829
358420
1264800
1009447
943947
252981
193583
1263264
745312
445730
886193
868749
838515
1297647
1387077
579235
547504
39804
1095366
1224232
804193
942775
925343
462386
1264537
1171789
1049704
921889
909776
1507386
781509
337527
1115515
1108759
853469
391953
1427255
596704
459149
1508326
1315700
1049704
927407
584389
695316
595580
514181
1464216
854509
941757
515670
718735
606419
285577
208112
1688656
1431435
488630
313239
302672
299804
1067636
790895
1307279
1211739
1158561
914756
546878
510183
456986
1128948
1053509
1035167
638341
661919
648659
620574
431983
172055
1180927
1073074
952409
829145
676340
335665
1155295
971051
893614
790045
765778
1260801
1234080
954337
931452
441167
416153
1863866
1619893
1088997
945854
899954
514181
548907
409214
325158
278135
189216
1522615
811119
753356
570938
459700
456524
300334
1584956
1465638
781509
705423
422994
399061
1489381
1483235
1230966
996959
780952
440706
196028
2014655
942642
881764
804587
762823
625045
597111
455011
440169
1371996
1350684
1050419
996030
842562
384772
287873
196028
1630848
1361680
1055249
613207
507835
476691
457435
403953
399372
1619594
1123753
998531
938926
873811
785858
690792
650607
653534
159527
1565520
1515731
1372562
1197595
727392
594067
485056
467337
452230
143397
1781642
1575727
854509
808175
555749
503213
252981
1738303
1164077
1090503
1053509
1045600
869019
779107
763619
759331
623924
661919
597111
269969
1645707
1434635
1143852
971957
944993
925343
886402
658952
595580
97595
1773214
1734361
1594964
1525481
1148073
999126
940746
909759
819149
731899
569503
488630
392207
339335
306591
297698
1707021
1540873
1435286
1346811
1155295
994113
944993
859370
819149
632130
190851
1151399
996628
966339
952409
888450
883276
798007
740990
597111
223871
1574523
1346547
1209835
1073074
1065834
770300
765778
613928
402887
402887
377921
69763
1626625
1121120
811908
932291
927265
881769
868045
854509
798510
684717
637445
466401
226289
155118
511635
1340565
1280506
1140565
860440
623924
650607
568786
423527
422600
143397
142196
1358382
1180982
1152970
807847
701549
342263
513590
503216
286460
1459427
1177092
874835
829296
836819
819149
798261
785544
778657
702892
613928
513590
450340
404649
399061
387700
41384
1415985
1356098
1346477
1119975
954337
935111
935111
931452
899955
873811
793108
707380
707032
493830
1905903
1593028
1298952
1309794
1247857
1099733
1202586
1176184
1130495
1125470
804193
942642
873811
790045
740068
516109
444335
171388
1801358
1785920
1202718
1254187
966339
962562
944993
865746
865746
796450
754219
554626
510183
431135
410162
384772
372851
372851
320118
259127
1323207
1293358
1207987
1040095
894883
942642
865497
841338
706150
456524
413117
440169
422994
338293
338293
311433
1706306
1353733
1236449
1158182
1123162
879429
1041518
935111
881764
859608
854509
806859
541908
501992
390668
420677
405053
299804
150739
107909
41874
41823
1696521
1615115
1226130
1129819
1079281
992595
744772
864354
859608
798007
744303
656918
613403
534788
455109
450363
359404
357466
320118
27104
1890928
1728474
1620540
550137
1106398
1090503
1064248
942642
860219
859718
745312
721804
623924
685822
680533
485056
445071
323751
321203
210346
1669004
1624872
1542576
1474960
1244105
1224414
1090496
1047958
979274
931452
939487
901880
873811
854509
839248
824592
623515
623515
597111
527431
494768
332532
331499
302343
1855321
1696855
1636008
1604123
1511617
1437650
1432816
1234080
1388238
1182043
1073074
1002271
951110
899954
872159
829296
828757
721656
569986
478303
461689
327557
395862
1672262
1525731
1440767
1092466
1174505
1083437
1048854
873811
742961
818778
650607
561693
552726
499869
440169
422994
297698
402631
320118
1823153
1615019
1470072
1295652
1266531
1225615
1199549
1192768
879429
955896
915208
909776
901880
901880
765497
874835
831747
815753
785703
792461
765778
765169
710587
707380
651399
636839
445454
403953
320118
187406
147210
128818
1643641
1300435
1424733
1288914
1255746
1177853
1107950
1070829
1058213
1049356
1044953
1023912
1016769
985788
889058
873811
871187
805539
800070
706150
703957
684769
637445
571125
476691
452230
443014
442263
390071
120029
79038
1669004
1752096
1671373
1661962
1624315
1615656
1586938
1572948
1432678
1509985
1473909
1361996
1304634
1289177
1194221
1119418
999834
1068768
1048854
1042191
1013369
945049
945049
942866
939487
925343
888544
866379
852771
824205
780952
790895
765778
690792
661919
567163
327557
516494
451250
442263
337527
153776
1766146
1721545
1547564
1386585
1342479
1263122
1213441
1134367
1092335
977916
953015
931452
942775
931452
931452
805539
812370
846396
770023
765451
756794
708763
717343
617809
611367
597111
542969
537814
382400
445983
442263
444632
439609
373858
282375
237768
194345
34348
1731620
1709733
1681701
1636204
1615138
1531782
1597607
1582772
1252751
1373268
1253410
1146727
1109083
1049704
1004797
1004468
673949
954691
939487
928615
921889
909776
909759
906786
805539
873811
860260
842412
803569
781509
758344
721240
692068
671293
375956
614346
611367
596814
547504
528821
431983
475886
423527
378183
336414
337527
114987
97433
16600
1668023
1662776
1583554
1572909
1567488
1549308
1468140
1424129
1358382
1340565
1333508
1321688
1272411
1270135
1254012
1124391
534054
1053509
1028594
967875
859783
953032
935549
929415
909759
899955
888544
819149
798007
756788
746498
744772
740535
718735
710329
707380
700726
671199
525840
467220
459149
379296
377921
364401
343365
292301
252981
221954
134151
20949
1780288
1645223
1621479
1548692
1515350
1423394
1416842
1324590
1307279
1248042
1219927
1084537
1174505
1093093
1109062
1043265
1049418
996628
1005555
944993
935111
914756
881764
871946
865746
780952
762232
744762
691103
717343
568786
570938
564534
510183
416153
291154
351280
339335
332532
219380
302343
259127
258165
226289
171388
86490
51972
53857
14692
2136114
1767814
1759729
1756776
1706195
1670822
1669877
1605402
1502678
1430006
1379960
1121028
1328174
1327577
1313122
1263383
1258918
1258377
1236694
1229091
1213659
1197349
1183076
1161763
1126026
1061287
1041518
413117
1017271
859515
984684
950939
914756
873811
868275
873811
875806
871187
859783
668084
818778
817394
754451
724594
723641
710329
702892
700024
584079
641695
542081
488630
327557
461744
467220
451168
376860
320194
332800
331190
219380
139677
102371
2133292
1901453
1880007
1765297
1582906
1704595
1659369
1562235
1569544
1515089
1474076
1431255
1347448
1297024
1198498
1150457
1073074
1008155
983911
985788
979207
945049
928615
906786
910462
889855
871187
868275
859608
859783
848400
841915
824959
750458
743650
720882
717343
699427
647804
622897
605290
597111
584575
556174
516109
515939
455109
450015
446027
437113
409898
402887
400859
332800
301703
300093
251391
127143
94631
89596
83494
2140013
1920362
1759322
1653547
1465516
1597526
1542598
1491367
1461148
1432314
1340955
1335452
1332877
908939
480669
1257575
1195899
1192164
1188740
1187485
1151079
1134282
1123162
1114339
1106520
611024
1090496
1079691
1063490
1049248
962863
971051
975062
928615
914756
914242
888887
873811
873811
871187
859783
827594
826596
802056
800070
798007
781033
770300
765451
747684
757410
739396
723641
694464
676340
668084
651062
653835
542081
594429
570679
545351
507355
385248
451168
443751
440650
423527
421936
420677
411894
301394
280107
145978
268467
196028
180138
143397
144804
105656
24313
2027897
1821202
1780923
1756890
1751325
1686749
1673356
1660414
1640622
1631428
1600169
1572038
1531033
1544601
1466465
1439210
882839
1358622
1309729
1286203
1279753
1213131
1269321
1251736
1247712
1229815
1191574
1151885
1040095
1114556
1074758
1004797
1062670
1050560
1018483
989268
982632
947848
962996
950939
951964
921889
896080
914242
859783
850717
878212
860440
860219
822974
819149
817308
805224
804604
787672
509121
752428
769917
765778
749557
731356
715663
676340
651399
625302
609189
589494
554618
547504
513194
532522
514181
478405
496176
351280
433114
394834
415772
409681
402887
402680
375648
355322
352624
303023
305737
303390
302343
252981
294042
205660
219380
70589
88180
145550
79116
54824
1824704
1742920
1727195
1751538
1726003
1394111
1648596
1629450
1604377
1582736
1557261
1555816
1507226
1486797
1229067
1444539
1222161
1418651
1324343
1347186
1330999
1304889
1253410
1282660
1180927
1253246
1243235
1242807
1227818
1229050
1224831
1211809
1195834
1191103
1190716
1184844
1180982
1174505
1152932
1143951
1123753
1115294
1108166
1079281
1051893
1066605
685822
1050419
1037744
989344
977916
945049
953015
952409
952409
935549
943947
942642
935111
916990
884056
899954
898030
894883
873811
881581
874835
869019
857068
853519
836969
671597
827743
824132
821888
813569
805224
778526
758130
732994
721804
724594
696175
696175
695316
686414
678383
632130
638341
536219
614346
608258
594067
595580
547714
542081
534788
510183
478405
478405
161089
480945
476695
474696
452417
394834
418412
412460
383094
375956
361740
368060
359501
320118
324587
323329
320118
292301
297204
219728
205660
210346
169874
187406
153776
114308
74586
2208590
1945633
1863866
1800527
1790119
1774192
1735967
1719635
1703779
1644043
1627165
1597580
1579117
1569012
1360321
1473006
1434635
1430243
1409421
1388906
1385282
1382209
1201708
1370680
1280204
1366172
1337388
1280404
1282660
1197118
1191205
1262077
1259592
1249048
1229395
1226300
1225869
1220456
1218635
1210297
866335
1206019
1179412
1159397
1069380
1145366
1019659
1118444
1116742
1109062
1091521
1086389
1085793
1070602
1048854
1050560
1051249
1045741
1013091
1008679
1002449
966552
984496
984496
983942
974707
859783
968171
954337
962050
957594
953303
878212
744772
744772
934179
923540
910058
909776
890438
863227
888123
874835
873811
858938
865746
859783
778657
838182
828753
807850
798261
798261
780952
781509
780250
776932
726747
770300
735903
765778
759903
762232
758101
758101
750458
749631
728975
737174
728405
718735
718735
720193
710329
699749
536657
519521
661919
609189
514038
603905
519990
480765
575464
555617
524966
546820
541540
513590
514601
479811
474376
431337
459293
459293
456237
394834
444877
442278
439609
438535
411894
401869
378400
366835
356426
351630
325307
332532
315299
299804
292077
251059
237490
219728
173302
179639
163608
88911
10333
2323502
2208124
1940683
1935898
1930698
1903014
1892938
1884565
1875586
1869172
1837955
1807701
1769796
1756890
1755255
1726003
1707021
1692929
1664358
1657501
1652465
1650817
1646994
1645226
1642085
1633990
1604974
1562870
1587493
1574149
1432678
1563733
1545135
1536947
1532217
1520903
1519952
1509977
1506697
1476012
1457384
1365094
1381340
1342862
1338059
1024321
1301393
1294825
1289574
1288146
1285290
1280204
1096599
1277550
1267711
1262779
1261105
1260377
1255210
1237079
1085263
1224369
1210496
1206296
1204806
1179276
1178935
1190719
1188740
1176413
1174491
1171789
1161170
1147718
1124086
1119418
1119368
1115534
1108263
1102376
1101897
1092298
1093093
1079211
1029620
413117
978107
1054931
1053975
1040095
1050560
413117
1019966
983911
1031872
1031041
983911
989745
984496
977916
975062
953032
955671
948049
928615
931452
931452
931452
744772
901131
909776
910293
908811
899954
892575
863227
888450
886193
859783
881382
869054
774204
859608
808175
854299
853375
847812
845746
837749
829569
816211
818245
816264
807025
805224
804587
780952
785703
787182
770306
765565
690792
731899
758101
419257
745312
744593
728975
721240
724594
718989
545956
691103
721804
718735
706150
708641
652293
641695
637877
623960
609057
609057
583277
588765
586121
570443
567324
564354
554847
547714
547714
547714
528821
517706
478405
501992
493273
501992
480878
493273
385248
494606
385088
486207
455780
437797
451168
451250
437014
432822
396221
399404
384772
386117
364943
370814
364395
364922
323522
292077
252981
227021
291155
277481
163112
158081
155118
140662
138330
93523
67277
76882
71057
53923
9430
2104327
1982251
1949846
1948103
1897323
1880007
1872124
1758657
1855321
1852279
1846677
1830933
1827010
1823230
1795771
1793712
1781620
1782868
1772954
1769873
1761107
1757778
1752728
1751890
1739508
1708547
1731895
1717088
1707021
1692546
1677237
1671865
1667654
1664261
1645394
1644227
1629102
1538547
1623255
1611719
1609364
1605689
1605076
1602867
1591723
1590256
1580221
1569807
1574791
1268746
1550531
1550315
1541131
1534767
1525595
1394111
1505255
1504744
1504180
1499138
1491854
1486643
1484429
1314181
1280404
1460412
1458599
1449200
1445905
1407447
1393573
1387077
1372317
1371373
1201708
1195197
980552
1350897
1340038
1133689
1341393
1340905
1323112
1322631
980552
1321136
1312124
1277496
1296110
1290765
1280996
1280426
1280204
1274098
1271270
1263264
1251070
1251840
1250057
1219288
1226315
1226871
1218852
1203416
1209835
1140209
1209029
1206396
1044953
1202718
1201711
991300
1103192
1193386
1182767
1182767
1175489
1174505
1172564
1152106
1166149
1166156
1146195
951304
1138368
1136708
1115477
1107950
1092468
1092468
1092468
1079428
1050660
1073074
1073323
1073074
978107
1070357
1045518
685822
1050382
1044953
1032239
1035849
1033730
996628
1018772
983253
1012181
982344
1007637
861113
1000852
1000852
996628
989745
988062
967277
968656
966552
960258
955671
955896
740990
820180
942642
942866
857068
925328
744772
934858
932654
866493
833895
925999
925343
925328
924891
924507
612883
888887
905158
919813
918776
914691
909638
909776
905158
884056
740853
884056
899955
860260
891348
873811
881764
881764
881581
866401
874835
874835
864947
859515
859608
854509
840741
311328
824132
819149
816770
534054
813779
808835
807850
806859
790045
795610
790041
782869
771159
775766
765565
763619
761041
284931
745312
740672
736560
734352
696175
732994
721804
718735
718447
717716
717343
671199
706150
703957
676340
699749
696175
696037
671199
576030
609189
671199
661919
653534
651721
651507
637445
637445
611004
595580
586156
611004
586144
600702
597111
511100
594067
565555
591987
581816
575777
570679
536219
565232
560047
147210
557733
480765
548907
546878
544197
542081
540793
518932
513590
479811
478405
501992
493273
482090
481840
476695
476691
473735
472946
326920
463479
454627
456524
450340
448281
439609
437055
407175
411894
326920
326920
413117
385088
389467
379296
378559
372510
370814
366440
364936
352714
335711
325158
300312
299805
295422
248876
257607
252981
219380
158023
224203
223871
177187
173302
152786
129314
89429
104854
83094
79498
55925
44305
39804
28751
33651
16027
9430
2311504
1670325
2051792
1974878
1941165
1935191
1928253
1904649
1860970
1888886
1863866
1867294
1853651
1846855
1821835
1835773
1769794
1817884
1808183
1802635
1799574
1799326
1789553
1785097
1781201
1746664
1776577
1775525
1763403
1725053
1727027
1723218
1719165
1714651
1698462
1693654
1576254
1675133
1666745
1464714
1665446
1663628
1662501
1658721
1658437
1651373
1649178
1643744
1643298
1641840
1637174
1632058
1630117
1628548
1627830
1622789
1621101
1619982
1521918
1605898
1605284
1433678
1598302
1597710
1596468
1594964
1594964
1587493
608572
1404869
1586070
1582420
1580218
1575103
1571898
1570158
1567641
1557663
1533028
1540754
1533028
1525052
1465638
1514209
1502535
1501736
1486797
1482982
1478148
1464216
1464036
1449815
1448237
1340565
1438186
1433638
1431255
1430944
1407509
1385020
1405453
1404084
1403009
1396532
1217474
1381171
1368808
1358622
1335792
1360831
1358802
1355471
1353084
1347859
1346172
1219288
1338059
1328903
1327376
1317896
1307279
1308800
1303762
1253410
1293358
1293358
1288817
1251745
1282660
1280204
1278333
1268344
1274950
1274975
1263383
996030
1268344
1206449
1264862
1252827
1250431
1248255
1246447
1241588
1240660
1171966
539307
1218852
1179276
1212452
1215982
1217474
1201711
1207609
950606
1044953
1197928
1190716
1189978
1188740
1185411
1183876
1180255
1174754
1169533
1169533
1151838
1151466
1145366
1143373
1117851
1132633
1129947
1115515
1122445
1122158
1120850
1120493
1115534
1022167
1112621
1111593
1103179
1060509
859338
1097552
1094687
1094434
1065834
811908
1088997
1086799
1084298
1084537
1050660
1073074
1023483
1068768
1064248
1061287
1029620
1061287
1058293
1055249
685822
1053509
685822
685822
1051318
1037741
1050560
962863
1044953
1023483
413117
1039778
413117
413117
1035849
1034608
1001722
1031887
1029349
1028594
1026205
1020760
1019966
940746
1009278
1009278
977787
1002819
1001653
998427
859515
913669
980453
974435
967277
971896
971051
962996
962050
953032
943606
947848
932654
947848
943947
942476
934878
944137
931452
941246
913669
820180
833895
934878
935111
901170
928615
924403
866493
924403
919813
920346
919813
918580
905158
915385
915385
909776
909776
909759
897698
901880
899955
889058
886402
884084
884056
829296
871091
878697
873811
813569
860260
861113
859783
859608
859608
845954
845746
841233
841915
840787
813569
831242
824132
792461
824959
820180
819149
812370
807850
805224
798007
798007
798007
785703
779107
780250
509121
783213
771687
765565
761533
757410
752435
752428
752073
746506
746240
742785
440650
740068
721804
731933
720294
721804
718447
720882
710329
440650
700024
677861
576030
686414
685242
684060
632128
663255
653534
650427
644642
637445
625045
632130
632128
626406
614346
613403
597111
597111
603905
601883
597111
586144
591987
592023
433002
526574
571125
525926
484532
570679
524026
440650
547504
549468
549468
534788
534780
525926
510183
383094
437797
480765
476691
467337
479107
423527
470977
456524
431983
462386
459293
459293
416153
455109
454627
453227
443751
399151
449718
440650
425169
440706
437055
433002
297698
394834
411894
409898
402887
402187
399061
399358
128931
370819
371569
371118
349828
354537
346499
346104
332532
342263
335665
331190
326920
326621
325158
284931
314211
307686
291155
303236
301001
301394
252981
300312
299871
299000
257793
147210
278961
219380
249624
265617
232273
251059
158023
239459
210346
169874
176934
160595
161102
153352
149471
140662
136241
129676
112651
102371
102371
105289
104854
88911
87689
88180
81567
41874
42116
34469
26528
16600
14278
9430
4406
2401216
2398052
2382142
2263093
2211791
2160947
2133292
2131228
2116067
2116067
2088830
2108981
2016414
2021678
2022551
2008013
2005921
2005892
1990470
1979691
1989258
1988496
1955169
1940683
1940274
1940007
1939940
1928253
1929568
1922592
1903014
1919786
1919786
1901212
1758657
1888886
1894080
1180927
1893645
1892585
1888886
1863866
1888886
1880007
1867271
1863866
1836982
1872783
1790796
1830933
1856258
528000
1846855
1838000
1832955
1828864
1802635
1827006
1826036
1801358
1813523
1755255
1808565
1807695
1806127
1800571
1800571
1799410
1796301
1796301
1793995
1793226
1792895
1790301
1789877
1789615
1788355
1785922
1785920
1775588
1742920
1772038
1771982
1769795
1715004
1767138
1756890
1757449
1755115
1752728
1752728
1726464
1733209
1738293
1731620
1743384
1733209
1742920
1740698
1740626
1739610
1737645
1735297
1734006
1733822
1733601
1597526
1729077
1711091
1709733
1721545
1711836
1704595
1717994
1713925
1711383
1709733
1707703
1640689
1702458
1702088
1698859
1693923
1690910
1658437
1677520
1669381
1667560
1665472
1665441
1665115
1620247
1662556
1640689
1650693
1650246
1646223
1620247
1601852
1641055
1164143
1637355
1636687
1521219
1575727
1633799
1621874
1626519
1632739
1632720
1611208
1627637
1623792
1605076
1620681
1617690
1616833
1616051
1616036
1614847
1569807
1607795
1605822
1429871
1600615
1600410
1600135
1599155
1598150
1596835
1596468
1594606
1591723
1591030
1588624
1588183
1585665
1578999
1581399
1580203
1575727
1577737
1575700
1442723
1291365
1569807
1568551
1560617
1560037
1558526
1557866
1556076
1552723
1547326
1545382
1541421
1540629
1540446
1540135
1539643
1508329
1533272
1507979
1531445
1531033
1530200
1529955
1239072
1528045
1505910
1508326
1504180
1510909
1514170
1070184
1504180
1489039
1485927
1480388
1479659
1440165
1435798
1470500
1469465
1418402
1466465
1457209
1464216
1457787
1435820
1334202
1454027
1449568
1367704
1443294
1435798
1443200
1435286
1438239
1438236
1435820
1432314
1435286
1420169
1432314
1428384
1430885
1343420
1342479
1428384
1424129
190366
1422070
1419615
1418651
1418131
1312079
1417370
1417370
1386585
1416174
1414414
1311266
1399810
1347859
1347859
1328903
1399810
1388631
1386931
1324590
1385020
1383165
1379931
1357624
1378030
1376752
1372317
1370775
968656
1367642
1362962
1335792
1279298
1360892
1359545
1358125
1350909
1350530
1347840
867737
1346028
1345793
1339896
1337716
935519
1342680
1321688
1339896
1337320
1336666
1217474
1332718
1332718
1332323
1329838
1312335
1057015
1057015
1319474
1318074
1315615
1312129
1309729
1306569
1304634
1302370
1247642
1301797
1300614
1280404
1180927
1294825
1119169
1293358
1293358
1292185
1291793
1291698
1281400
1214021
1288125
1276486
1275563
1229837
1270438
1266045
1239072
1261605
1260852
1260801
1257525
1255939
1251070
1250853
1250184
1244408
1248255
1248246
1247651
1100333
1245202
1244408
1244123
1244105
749096
1236694
1235121
1233707
1198498
1227210
1230966
1226315
1227698
1224369
1220443
1219830
1212452
1216255
1215494
1214632
1212452
1201669
1209835
1209564
678444
1206396
1202586
1202586
1202012
994604
994604
1196329
1194645
1187933
1192768
1190719
1190719
1190710
1187933
1188740
713926
1180927
1174491
1177346
1127002
1095366
1175471
1174505
1165550
1169535
1136149
682281
1149127
1148073
1147361
1146827
1146727
1145965
1100001
1117851
1129819
1076285
1074758
1116349
1070357
1099733
1085793
1108759
1108166
1063684
1103488
1103192
1102672
671235
1099654
1098561
1079211
1092468
1092298
1090496
1084298
1080535
1081792
1080535
1079428
1079354
928646
1073074
1073074
1044785
1072728
1068768
1068768
1067141
1064248
1044785
886193
1029803
1060639
890981
1058293
1056699
1056699
1048854
685822
685822
1053084
1050560
1050560
1050560
1050419
1050419
456463
1037744
1044124
1035584
1009447
1037741
1035849
1035849
1034502
1001507
1020189
1031883
1031879
1028120
1025171
905422
985516
985516
1021956
1021743
1022717
908087
1016347
983911
1011573
1011011
1008143
1006885
964855
977787
1006711
859515
1005555
1000885
1002819
977787
1000852
971896
999827
999645
999645
999645
998531
999126
979207
859515
859515
985516
989745
947162
979207
977552
966552
984496
980552
979887
921763
966552
971896
966339
969312
968636
953015
964855
947848
963553
962050
962353
960258
958999
957390
956486
953015
951964
947848
944514
935549
939487
942476
778526
941246
934878
940377
935111
918580
931452
930823
924403
931452
928615
820259
918776
824205
927913
925999
925973
918776
925328
917930
917614
915385
902948
914242
913669
913669
905158
909638
909759
737330
905702
901880
901880
893614
889058
893614
896080
792461
891632
891348
889231
888887
866401
886402
886402
864947
881764
882906
864947
881764
881764
881764
881581
881382
879429
671597
873811
874948
874835
874948
874895
873811
853600
866401
865746
868543
865746
865330
861475
864354
864207
720294
813569
774204
805539
861475
855906
859608
859608
859608
859575
858938
824132
847695
855906
855677
853935
826596
808175
848400
847776
812528
836819
836819
833895
831747
829950
790045
778657
823259
803415
811119
822716
807850
811119
806859
534054
807850
628446
800070
804587
780952
791900
798007
794152
793931
790060
790895
791845
790312
790312
790060
790060
789458
787712
785703
785703
509121
740672
783234
783213
762823
762823
775591
773801
770300
771159
770023
765778
765778
765778
765778
765169
764602
664784
664784
761533
762232
762232
761593
758101
515670
754219
750458
753955
753356
750458
751785
750458
751611
745312
750458
747684
440650
732994
732994
545956
594067
732994
740990
740990
740990
740990
738011
731356
718989
724594
718989
713688
691103
546820
720294
717343
714225
713688
713688
419257
696175
700927
699749
695316
700726
700476
630329
697087
623924
612883
690206
686414
686414
671199
680338
632130
671293
671597
519521
668799
661919
667540
667540
666413
664784
664507
650607
651507
656918
622897
651399
634949
651399
650027
641695
613928
637445
632128
536219
634949
625302
611004
622500
613207
616637
609189
611024
609189
606419
594429
596704
416426
597111
547504
596814
595827
416426
586144
594828
594429
594429
593620
559525
440650
569503
577414
575247
570679
560047
534788
558287
554626
555715
553906
519521
549212
542081
534788
524026
526574
524026
499482
525926
524966
203309
510183
513590
479811
510133
493273
493273
501992
501992
490956
493273
467337
486207
385248
493273
486207
227021
484532
488630
488238
488238
485056
482090
482090
480765
476691
433002
454627
448818
451316
451168
440169
454627
440706
437797
441167
443751
399151
451316
451316
450917
450015
394834
444335
444335
440650
444335
444632
444962
444632
437055
438535
442263
425169
438535
420390
390668
416153
162368
420677
422427
420677
393273
399358
411894
327557
406372
402216
399404
358119
391953
390071
373859
391817
391817
384772
128931
384772
371118
379296
370819
372144
371128
371118
371118
364401
363052
363052
358119
352714
351825
346301
325307
339335
339335
338293
332623
320118
332952
332952
327557
327557
327557
326621
325158
299454
292301
322689
245393
320118
320118
320194
314211
306591
310408
292301
291154
303023
67565
299224
297204
296505
295288
292644
292077
292301
292077
291155
289074
274337
261959
262343
258165
257793
249939
164898
201141
241526
158023
228310
219813
219813
219813
219107
215347
203734
169874
167836
171237
171237
169874
163608
161102
161102
151445
148979
143387
141964
137338
134151
112651
102371
102371
104854
97595
97595
90935
88911
76465
67277
74312
68500
66350
63563
62852
55925
55925
53857
50603
50603
47608
46733
43466
39153
38235
18315
20908
20949
23907
22572
16027
16151
9573
9573
9550
6687
